Bank: 1000USD

Entry: 20.11483USD

Target: 21.5432423USD; 22.864732843USD; 23.556789USD

Close: 19.093022USD

-------

Bank: 10032USD
Entry: 2032.211483USD
Target: 21.325432423USD; 222.864732843USD; 4323.556789USD; 32USD
Close: 1USD