Bank: 1000USD

Entry: 20.11483USD

Target: 21.5432423USD; 22.864732843USD; 23.556789USD

Close: 19.093022USD