BANK: 1000.0
START_PRICE: 20.11483
STOP_PRICE: 19.093022

1 target: 21.5432423
Percent: 7.101%
Bank: 1071.01

2 target: 22.864732843
Percent: 13.376% # процент рассчитывается, как отношение таргета к цене входа: 22.8 / 20.11 и округляется до 3 знака
Bank: 1133.764

3 target: 23.5 # процент рассчитывается, как отношение таргета к цене входа: 23.5 / 20.11 и округляется до 3 знака
Percent: 16.857%
Bank: 1168.573